
function tensor_product_uv_column(u, v)
    """
    Purpose: computes the tensor product between two column vectors

    Inputs: 
    u size(m, 1) column vector, v size(n,1): 

    Outputs: 
    uv size(m*n,1) : the tensorporduct of the vectors u and v
    """
    m = size(u)[1]
    n = size(v)[1]
    uv = zeros(m*n)
    for i in 1:m
        uv[(i-1)*n + 1 : i * n] = u[i] * v
    end
    return uv
end

function tensor_product_uv_row(u, v)
    """
    Purpose: computes the tensor product between two row vectors

    Inputs: 
    u size(1, m) row vector, v size(1,n): 

    Outputs: 
    uv size(1,m*n) : the tensorporduct of the vectors u and v
    """
    m = size(u)[2]
    n = size(v)[2]
    uv = zeros(1, m*n)
    for i in 1:m
        uv[1, (i-1)*n + 1 : i * n] = u[1, i] * v
    end
    return uv
end

function tensor_product_AB(A,B)
    """
    Purpose: computes the tensor product between two matricies 

    Inputs: 
    A size(n,m), B size(r,s): the two matricies that you are taking the tensorproduct of 

    Outputs: 
    AB size(n*r,m*s) : the tensorporduct of the matrices A and B 

    Testing: tested in unit_tests_tensor_product_sbp.jl
    """
    size_A = size(A)
    size_B = size(B)
    #-- make sure both arguments are matrices
    @assert(length(size_A)==2)
    @assert(length(size_B)==2)

    AB = zeros(size_A[1]*size_B[1],size_A[2]*size_B[2])
    for i in 1:size_A[1]
        for j in 1:size_A[2]
            AB[(i-1)*size_B[1]+1:(i)*size_B[1],(j-1)*size_B[2]+1:(j)*size_B[2]] = A[i,j]*B
        end
    end

    return AB
end

function identity_matrix(n)
    """
    Purpose: computes an nxn identity matrix (really an array)

    Inputs: 
    n: the size of the identity matrix 

    Outputs: 
    I size(n,n): nxn identity matrix 

    Testing: no tests
    """
    I = zeros(n,n)
    for i in 1:n 
        I[i,i] = 1.0
    end
    return I
end

function construct_1d_cg(n,N,XI,QXI,PXI,MXI)
    """
    Purpose: construct a 1D continuous Galerkin like operator on N elements 
    using a given SBP operator. Note that the resulting operator is for 
    the domain [-1,1]. Also note that the assumption here is an SBP operator 
    with boundary nodes

    Inputs: 
    n             : number of nodes an element 
    N             : number of elements 
    XI size(n,1)  : computational domain on the element 
    QXI size(n,n) : Q operator on the element (transpose of the stifness matrix)
    PXI size(n,n) : P operator on the element (mass matrix)
    MXI size(n,n) : matrix that integrates int(f,x = xL,x) at the nodes

    Outputs: define num_nodes = n*N-(N-1)
    X size(num_nodes,1)         : the nodal distribution for the constructed operator 
    D size(num_nodes,num_nodes) : the differentiation matrix
    P size(num_odes,num_nodes)  : the norm (mass) matrix
    Q size(num_nodes,num_nodes) : transpose of the stifness matrix
    M size(num_nodes,num_nodes) : matrix that integrates int(f,x = xL,x) at the nodes
    tL size(num_nodes,1)        : interpolaton to the left boundary
    tR size(num_nodes,1)        : interpolation to the right boundary
    """
    num_nodes = n*N-(N-1)
    P = zeros(num_nodes,num_nodes)
    Q = zeros(num_nodes,num_nodes)
    M = zeros(num_nodes,num_nodes)
    D = zeros(num_nodes,num_nodes)
    tL = zeros(num_nodes,1)
    tR = zeros(num_nodes,1)
    X = zeros(num_nodes,1)

    tL[1,1] = -1
    tR[num_nodes,1] = 1

    
    #-- construct the nodal distribution (map between computational elements and -1 to 1)
    dx = 2/N
    for i = 1:N 
        xL = -1+(i-1)*dx 
        xR = xL+dx
        a = (xR-xL)/2.0
        b  = (xR+xL)/2

        X[(i-1)*(n-1)+1:i*(n-1)+1,1] = a*XI+b*ones(n,1)

        P[(i-1)*(n-1)+1:i*(n-1)+1,(i-1)*(n-1)+1:i*(n-1)+1] = P[(i-1)*(n-1)+1:i*(n-1)+1,(i-1)*(n-1)+1:i*(n-1)+1]+a*PXI[1:n,1:n]
        Q[(i-1)*(n-1)+1:i*(n-1)+1,(i-1)*(n-1)+1:i*(n-1)+1] = Q[(i-1)*(n-1)+1:i*(n-1)+1,(i-1)*(n-1)+1:i*(n-1)+1]+QXI[1:n,1:n]
        #M[(i-1)*(n-1)+1:i*(n-1)+1,(i-1)*(n-1)+1:i*(n-1)+1] = M[(i-1)*(n-1)+1:i*(n-1)+1,(i-1)*(n-1)+1:i*(n-1)+1]+a*MXI[1:n,1:n]

    end

    for i = 1:N 
        xL = -1+(i-1)*dx 
        xR = xL+dx
        a = (xR-xL)/2.0
        b  = (xR+xL)/2
        M[(i-1)*(n-1)+1:i*(n-1)+1,(i-1)*(n-1)+1:i*(n-1)+1] = M[(i-1)*(n-1)+1:i*(n-1)+1,(i-1)*(n-1)+1:i*(n-1)+1]+a*MXI[1:n,1:n]
        for j = i*(n-1)+2:num_nodes 
            M[j,(i-1)*(n-1)+1:i*(n-1)+1] = M[j,(i-1)*(n-1)+1:i*(n-1)+1] + a*MXI[n,1:n]
        end
    end
    D = inv(P)*Q
    return X,D,P,Q,M,tL,tR
end
function d1_fd_sbp(p,n)
    """
    Purpose: construct a number of FD SBP operators 

    Inputs: 
    p : degree of operator p in [1,2,3,4]
    n : number of nodes in the operator 

    Outputs: 
    XI size(n,n) : nodal distribution between [1,n] 
    P size(n,n)  : norm (mass) matrix 
    Q size(n,n)  : transpose of the stiffness matrix 
    D size(n,n)  : differentiation matrix 
    tL size(n,1) : interpolaton to the left boundary
    tR size(n,1) : interpolation to the right boundary
    """
    P = zeros(n,n)
    Q = zeros(n,n)
    D = zeros(n,n)
    tL = zeros(n,1)
    tR = zeros(n,1)
    tL[1,1] = 1
    tR[n,1] = 1

    XI = zeros(n,1)

    for i in 1:n 
        XI[i,1] = i;
    end

    for i in 1:n
        P[i,i] = 1.0 
    end
    if p == 1 
        P[1:2*p,1:2*p] = [0.5 0.0;0.0 1.0]
        D[1:2*p,1:3*p] = [-1.0 1.0 0.0;-0.5 0.0 0.5];
        stencil = [-0.5 0.0 0.5]
    elseif p == 2
        P[1:2*p,1:2*p] = [0.17e2 / 0.48e2 0 0 0; 0 0.59e2 / 0.48e2 0 0; 0 0 0.43e2 / 0.48e2 0; 0 0 0 0.49e2 / 0.48e2]
        D[1:2*p,1:3*p] = [-0.24e2 / 0.17e2 0.59e2 / 0.34e2 -0.4e1 / 0.17e2 -0.3e1 / 0.34e2 0 0; -0.1e1 / 0.2e1 0 0.1e1 / 0.2e1 0 0 0; 0.4e1 / 0.43e2 -0.59e2 / 0.86e2 0 0.59e2 / 0.86e2 -0.4e1 / 0.43e2 0; 0.3e1 / 0.98e2 0 -0.59e2 / 0.98e2 0 0.32e2 / 0.49e2 -0.4e1 / 0.49e2]
        stencil = [1.0/12.0 -2.0/3.0 0.0 2.0/3.0 -1.0/12.0];
    elseif p == 3
        P[1:2*p,1:2*p] = [0.13649e5 / 0.43200e5 0 0 0 0 0; 0 0.12013e5 / 0.8640e4 0 0 0 0; 0 0 0.2711e4 / 0.4320e4 0 0 0; 0 0 0 0.5359e4 / 0.4320e4 0 0; 0 0 0 0 0.7877e4 / 0.8640e4 0; 0 0 0 0 0 0.43801e5 / 0.43200e5]
        D[1:2*p,1:3*p] = [-0.21600e5 / 0.13649e5 0.5124475092222703052468879e25 / 0.2505990045200315292896040e25 -0.58752909548430618941812e23 / 0.313248755650039411612005e24 -0.159267246833799759813661e24 / 0.417665007533385882149340e24 0.18306575045382041159483e23 / 0.313248755650039411612005e24 0.120512309461734500607719e24 / 0.2505990045200315292896040e25 0 0 0; -0.426577465431008328683e21 / 0.918012325152141289800e21 0 0.28772124531747103103e20 / 0.91801232515214128980e20 0.4739194508129391986e19 / 0.22950308128803532245e20 -0.1828286306657606557e19 / 0.61200821676809419320e20 -0.2910908201471785429e19 / 0.114751540644017661225e21 0 0 0; 0.10836021679902364246e20 / 0.114751540644017661225e21 -0.127495216525222408549e21 / 0.183602465030428257960e21 0 0.66294394848412989229e20 / 0.91801232515214128980e20 -0.3185918970301186831e19 / 0.22950308128803532245e20 0.5093573171603569909e19 / 0.306004108384047096600e21 0 0 0; 0.159267246833799759813661e24 / 0.1639876016830108390679400e25 -0.28465971813079192963909e23 / 0.122990701262258129300955e24 -0.179724104434047613799819e24 / 0.491962805049032517203820e24 0 0.540747751505546378368499e24 / 0.983925610098065034407640e24 -0.38969683572055185949316e23 / 0.614953506311290646504775e24 0.72e2 / 0.5359e4 0 0; -0.18306575045382041159483e23 / 0.903897885652927117469325e24 0.21963203401877827569241e23 / 0.482078872348227795983640e24 0.17274052656973034997682e23 / 0.180779577130585423493865e24 -0.540747751505546378368499e24 / 0.723118308522341693975460e24 0 0.5591070156686698065364559e25 / 0.7231183085223416939754600e25 -0.1296e4 / 0.7877e4 0.144e3 / 0.7877e4 0; -0.120512309461734500607719e24 / 0.8041971570797788126905960e25 0.34968740224280558358577e23 / 0.1005246446349723515863245e25 -0.13808676868217278023299e23 / 0.1340328595132964687817660e25 0.77939367144110371898632e23 / 0.1005246446349723515863245e25 -0.5591070156686698065364559e25 / 0.8041971570797788126905960e25 0 0.32400e5 / 0.43801e5 -0.6480e4 / 0.43801e5 0.720e3 / 0.43801e5]       
        stencil = [-1.0/60.0 3.0/20.0 -3.0/4.0 0.0 3.0/4.0 -3.0/20.0 1.0/60.0]
    elseif p == 4 
        P[1:2*p,1:2*p] = [0.1498139e7 / 0.5080320e7 0 0 0 0 0 0 0; 0 0.1107307e7 / 0.725760e6 0 0 0 0 0 0; 0 0 0.20761e5 / 0.80640e5 0 0 0 0 0; 0 0 0 0.1304999e7 / 0.725760e6 0 0 0 0; 0 0 0 0 0.299527e6 / 0.725760e6 0 0 0; 0 0 0 0 0 0.103097e6 / 0.80640e5 0 0; 0 0 0 0 0 0 0.670091e6 / 0.725760e6 0; 0 0 0 0 0 0 0 0.5127739e7 / 0.5080320e7]
        D[1:2*p,1:3*p] =  [-0.16955436044318985087e1 0.22608643633134057199e1 -0.85367286450337040510e-1 -0.72543619566628612342e0 0.48823202683514973173e-1 0.25327067381932511095e0 -0.20810689629510203502e-1 -0.35800463638213927868e-1 0 0 0 0; -0.43697896613650212786e0 0 0.11806727914744050659e0 0.45392741904037194207e0 -0.35451986191651692503e-1 -0.12132305827513695582e0 0.18087661820535829032e-2 0.19950546233424744611e-1 0 0 0 0; 0.97781066266206924562e-1 -0.69969186172211199969e0 0 0.65637393984777096907e0 0.11267082240058042461e0 -0.33428057204703250861e0 0.21873662397046339337e0 -0.51590018715877203296e-1 0 0 0 0; 0.11897154784237866703e0 -0.38516275383761760282e0 -0.93979240050464527405e-1 0 0.14570996944041065112e0 0.28170129505772535539e0 -0.52460610055305079395e-1 -0.14780208397127463918e-1 0 0 0 0; -0.34885452275029076031e-1 0.13106074735806541871e0 -0.70285585255172494490e-1 -0.63483881055720004975e0 0 0.78722564721145565674e0 -0.23448808805333871951e0 0.64865185483120361714e-1 -0.86536439119010973969e-2 0 0 0; -0.58418504934713186948e-1 0.14478476223520576322e0 0.67315236682623567235e-1 -0.39619636345602957631e0 -0.25412458001505128234e0 0 0.57501418139033112647e0 -0.10537842745121846328e0 0.29797181295285022843e-1 -0.27934857464329708915e-2 0 0; 0.66467104043362952119e-2 -0.29889365097445074233e-2 -0.60992789714019610153e-1 0.10216678579709781702e0 0.10481488864997796812e0 -0.79622041413657355988e0 0 0.82579717441770067391e0 -0.21661535522787203529e0 0.41260067662451816246e-1 -0.38681313433548577730e-2 0; 0.10459594529770367736e-1 -0.30157474178514931388e-1 0.13159172853630143210e-1 0.26330727879539228304e-1 -0.26522824364777175297e-1 0.13347882630163333279e0 -0.75540404471037239532e0 0 0.79260196355547737512e0 -0.19815049088886934378e0 0.37742950645498922625e-1 -0.35384016230155239961e-2]      
        stencil = [1.0/280.0 -4.0/105.0 1.0/5.0 -4.0/5.0 0.0 4.0/5.0 -1.0/5.0 4.0/105.0 -1.0/280.0]
    elseif p == -1
        #crazh operator
        D[1:6,1:7] = [-0.49e2 / 0.20e2 6 -0.15e2 / 0.2e1 0.20e2 / 0.3e1 -0.15e2 / 0.4e1 0.6e1 / 0.5e1 -0.1e1 / 0.6e1; 
                      -0.1e1 / 0.6e1 -0.77e2 / 0.60e2 0.5e1 / 0.2e1 -0.5e1 / 0.3e1 0.5e1 / 0.6e1 -0.1e1 / 0.4e1 0.1e1 / 0.30e2; 
                      0.1e1 / 0.30e2 -0.2e1 / 0.5e1 -0.7e1 / 0.12e2 0.4e1 / 0.3e1 -0.1e1 / 0.2e1 0.2e1 / 0.15e2 -0.1e1 / 0.60e2; 
                      -0.1e1 / 0.60e2 0.3e1 / 0.20e2 -0.3e1 / 0.4e1 0 0.3e1 / 0.4e1 -0.3e1 / 0.20e2 0.1e1 / 0.60e2; 
                      0.1e1 / 0.60e2 -0.2e1 / 0.15e2 0.1e1 / 0.2e1 -0.4e1 / 0.3e1 0.7e1 / 0.12e2 0.2e1 / 0.5e1 -0.1e1 / 0.30e2; 
                      -0.1e1 / 0.30e2 0.1e1 / 0.4e1 -0.5e1 / 0.6e1 0.5e1 / 0.3e1 -0.5e1 / 0.2e1 0.77e2 / 0.60e2 0.1e1 / 0.6e1]
        stencil =  [-1.0/60.0 3.0/20.0 -3.0/4.0 0.0 3.0/4.0 -3.0/20.0 1.0/60.0]
    else 
        println("Error tensor_product_sbp:d1_fd_sbp: p = ",p," not defined")
    end

    if p ==-1 
        p = 3
    end
    # interior of the operator 
    for i in 2*p+1:n-2*p
        D[i,i-p:i+p] = stencil
    end
    # construct the lower half of P
    for i in 1:2*p
        for j in 1:2*p
            P[n-(i-1),n-(j-1)] = P[i,j]
        end
    end

    # construct the lower half of D
    for i in 1:3*p
        for j in 1:3*p
            D[n-(i-1),n-(j-1)] = -D[i,j]
        end
    end
    return (XI=XI, P=P, Q=Q, D=D,tL=tL,tR=tR)
end

function d1_g_sbp(p)
    """
    Purpose: construct DG operators on the Gauss nodes

    Inputs: 
    p     : degree of operator p in [1,14]

    Outputs:  define n = p+1
    XI size(n,n) : nodal distribution between [1,n] 
    P size(n,n)  : norm (mass) matrix 
    Q size(n,n)  : transpose of the stiffness matrix 
    D size(n,n)  : differentiation matrix 
    tL size(n,1) : interpolaton to the left boundary
    tR size(n,1) : interpolation to the right boundary
    """
 
    if p==1 
        XI = [-sqrt(0.3e1) / 0.3e1; sqrt(0.3e1) / 0.3e1;]            
        P  = [1 0; 0 1;]
        Q  = [-sqrt(0.3e1) / 0.2e1 sqrt(0.3e1) / 0.2e1; -sqrt(0.3e1) / 0.2e1 sqrt(0.3e1) / 0.2e1;]
        D  = [-sqrt(0.3e1) / 0.2e1 sqrt(0.3e1) / 0.2e1; -sqrt(0.3e1) / 0.2e1 sqrt(0.3e1) / 0.2e1;]        
        tL = [0.1e1 / 0.2e1 + sqrt(0.3e1) / 0.2e1; 0.1e1 / 0.2e1 - sqrt(0.3e1) / 0.2e1;]
        tR = [0.1e1 / 0.2e1 - sqrt(0.3e1) / 0.2e1; 0.1e1 / 0.2e1 + sqrt(0.3e1) / 0.2e1;]
    elseif p == 2
        XI = [-sqrt(0.15e2) / 0.5e1; 0; sqrt(0.15e2) / 0.5e1;]
        P  = [0.5e1 / 0.9e1 0 0; 0 0.8e1 / 0.9e1 0; 0 0 0.5e1 / 0.9e1;]
        Q  = [-0.5e1 / 0.18e2 * sqrt(0.15e2) 0.10e2 / 0.27e2 * sqrt(0.15e2) -0.5e1 / 0.54e2 * sqrt(0.15e2); -0.4e1 / 0.27e2 * sqrt(0.15e2) 0 0.4e1 / 0.27e2 * sqrt(0.15e2); 0.5e1 / 0.54e2 * sqrt(0.15e2) -0.10e2 / 0.27e2 * sqrt(0.15e2) 0.5e1 / 0.18e2 * sqrt(0.15e2);]
        D  = [-sqrt(0.15e2) / 0.2e1 0.2e1 / 0.3e1 * sqrt(0.15e2) -sqrt(0.15e2) / 0.6e1; -sqrt(0.15e2) / 0.6e1 0 sqrt(0.15e2) / 0.6e1; sqrt(0.15e2) / 0.6e1 -0.2e1 / 0.3e1 * sqrt(0.15e2) sqrt(0.15e2) / 0.2e1;]
        tL = [0.5e1 / 0.6e1 + sqrt(0.15e2) / 0.6e1; -0.2e1 / 0.3e1; 0.5e1 / 0.6e1 - sqrt(0.15e2) / 0.6e1;]
        tR = [0.5e1 / 0.6e1 - sqrt(0.15e2) / 0.6e1; -0.2e1 / 0.3e1; 0.5e1 / 0.6e1 + sqrt(0.15e2) / 0.6e1;]
    elseif p == 3
        XI = [-0.8611363115940526e0; -0.3399810435848563e0; 0.3399810435848563e0; 0.8611363115940526e0;]
        P  = [0.3478548451374539e0 0 0 0; 0 0.6521451548625461e0 0 0; 0 0 0.6521451548625461e0 0; 0 0 0 0.3478548451374539e0;]
        Q  = [-0.1159052426214283e1 0.1690628261612286e1 -0.7335501572643867e0 0.2019743218663829e0; -0.4940375280205475e0 -0.2506939833477959e0 0.9590904657302996e0 -0.2143589543619562e0; 0.2143589543619562e0 -0.9590904657302996e0 0.2506939833477959e0 0.4940375280205475e0; -0.2019743218663829e0 0.7335501572643867e0 -0.1690628261612286e1 0.1159052426214283e1;]
        D  = [-0.3332000236352282e1 0.4860154415685196e1 -0.2108782348495179e1 0.5806281691622644e0; -0.7575576147992339e0 -0.3844143922232086e0 0.1470670231280717e1 -0.3286982242582743e0; 0.3286982242582743e0 -0.1470670231280717e1 0.3844143922232086e0 0.7575576147992339e0; -0.5806281691622644e0 0.2108782348495179e1 -0.4860154415685196e1 0.3332000236352282e1;]
        tL = [0.1526788125457267e1; -0.8136324494869273e0; 0.4007615203116504e0; -0.1139171962819899e0;]
        tR = [-0.1139171962819899e0; 0.4007615203116504e0; -0.8136324494869273e0; 0.1526788125457267e1;]
    elseif p == 4
        XI = [-0.9061798459386640e0; -0.5384693101056831e0; 0; 0.5384693101056831e0; 0.9061798459386640e0;]
        P  = [0.2369268850561891e0 0 0 0 0; 0 0.4786286704993665e0 0 0 0; 0 0 0.5688888888888889e0 0 0; 0 0 0 0.4786286704993665e0 0; 0 0 0 0 0.2369268850561891e0;]
        Q  = [-0.1200518144781687e1 0.1824799516391880e1 -0.9580242263154775e0 0.4644712559812860e0 -0.1307284012760011e0; -0.4596060639299722e0 -0.3629695921019775e0 0.1150025350186884e1 -0.4444344937740538e0 0.1169847996191190e0; 0.1713312197562774e0 -0.8165764223059862e0 0 0.8165764223059862e0 -0.1713312197562774e0; -0.1169847996191190e0 0.4444344937740538e0 -0.1150025350186884e1 0.3629695921019775e0 0.4596060639299722e0; 0.1307284012760011e0 -0.4644712559812860e0 0.9580242263154775e0 -0.1824799516391880e1 0.1200518144781687e1;]
        D  = [-0.5067040595654542e1 0.7701952085172244e1 -0.4043543754387665e1 0.1960399115833279e1 -0.5517668509633166e0; -0.9602560236319577e0 -0.7583532171678754e0 0.2402750652164300e1 -0.9285580266438344e0 0.2444166152793679e0; 0.3011681597278314e0 -0.1435388242334741e1 0 0.1435388242334741e1 -0.3011681597278314e0; -0.2444166152793679e0 0.9285580266438344e0 -0.2402750652164300e1 0.7583532171678754e0 0.9602560236319577e0; 0.5517668509633166e0 -0.1960399115833279e1 0.4043543754387665e1 -0.7701952085172244e1 0.5067040595654542e1;]
        tL = [0.1551408049094313e1; -0.8931583920000717e0; 0.5333333333333333e0; -0.2679416522233875e0; 0.7635866179581290e-1;]
        tR = [0.7635866179581290e-1; -0.2679416522233875e0; 0.5333333333333333e0; -0.8931583920000717e0; 0.1551408049094313e1;]
    elseif p == 5
        XI = [-0.9324695142031520e0; -0.6612093864662645e0; -0.2386191860831969e0; 0.2386191860831969e0; 0.6612093864662645e0; 0.9324695142031520e0;]
        P  = [0.1713244923791703e0 0 0 0 0 0; 0 0.3607615730481386e0 0 0 0 0; 0 0 0.4679139345726910e0 0 0 0; 0 0 0 0.4679139345726910e0 0 0; 0 0 0 0 0.3607615730481386e0 0; 0 0 0 0 0 0.1713244923791703e0;]
        Q  = [-0.1224169543733884e1 0.1903292389723918e1 -0.1096959317636462e1 0.6499299175973559e0 -0.3239594478789248e0 0.9186600192799698e-1; -0.4413288217192753e0 -0.4238415570050543e0 0.1258536155413602e1 -0.5910515206232075e0 0.2728043343245438e0 -0.7511859039060820e-1; 0.1517970442050486e0 -0.7510722400319363e0 -0.1183945216211678e0 0.9804616767269257e0 -0.3527291509737083e0 0.8993719169483820e-1; -0.8993719169483820e-1 0.3527291509737083e0 -0.9804616767269257e0 0.1183945216211678e0 0.7510722400319363e0 -0.1517970442050486e0; 0.7511859039060820e-1 -0.2728043343245438e0 0.5910515206232075e0 -0.1258536155413602e1 0.4238415570050543e0 0.4413288217192753e0; -0.9186600192799698e-1 0.3239594478789248e0 -0.6499299175973559e0 0.1096959317636462e1 -0.1903292389723918e1 0.1224169543733884e1;]
        D  = [-0.7145327131771609e1 0.1110928369489406e2 -0.6402816680808859e1 0.3793561028968059e1 -0.1890911470859328e1 0.5362105595776805e0; -0.1223325472251409e1 -0.1174852281034096e1 0.3488553796847059e1 -0.1638343894637415e1 0.7561901119888449e0 -0.2082222609129844e0; 0.3244123181406702e0 -0.1605150401681949e1 -0.2530262787093276e0 0.2095388925791031e1 -0.7538333973657529e0 0.1922088338253289e0; -0.1922088338253289e0 0.7538333973657529e0 -0.2095388925791031e1 0.2530262787093276e0 0.1605150401681949e1 -0.3244123181406702e0; 0.2082222609129844e0 -0.7561901119888449e0 0.1638343894637415e1 -0.3488553796847059e1 0.1174852281034096e1 0.1223325472251409e1; -0.5362105595776805e0 0.1890911470859328e1 -0.3793561028968059e1 0.6402816680808859e1 -0.1110928369489406e2 0.7145327131771609e1;]
        tL = [0.1565673200151072e1; -0.9404628431763489e0; 0.6169300554304887e0; -0.3792277021146138e0; 0.1918000140386680e0; -0.5471272432926591e-1;]
        tR = [-0.5471272432926591e-1; 0.1918000140386680e0; -0.3792277021146138e0; 0.6169300554304887e0; -0.9404628431763489e0; 0.1565673200151072e1;]
    elseif p == 6
        XI = [-0.9491079123427585e0; -0.7415311855993944e0; -0.4058451513773972e0; 0; 0.4058451513773972e0; 0.7415311855993944e0; 0.9491079123427585e0;]
        P  = [0.1294849661688697e0 0 0 0 0 0 0; 0 0.2797053914892767e0 0 0 0 0 0; 0 0 0.3818300505051189e0 0 0 0 0; 0 0 0 0.4179591836734694e0 0 0 0; 0 0 0 0 0.3818300505051189e0 0 0; 0 0 0 0 0 0.2797053914892767e0 0; 0 0 0 0 0 0 0.1294849661688697e0;]
        Q  = [-0.1238935766264330e1 0.1953026162578283e1 -0.1187709638232764e1 0.7782478695738511e0 -0.4762072093626160e0 0.2397926195872376e0 -0.6821403787966094e-1; -0.4303826998788921e0 -0.4607770622774484e0 0.1326175685572041e1 -0.6872555116179063e0 0.3879970696836165e0 -0.1885998842133559e0 0.5284240273194536e-1; 0.1410455208323629e0 -0.7146663514282583e0 -0.1855211098816629e0 0.1077018244666512e1 -0.4704134683009352e0 0.2090887754709803e0 -0.5655161135899869e-1; -0.7719765204349928e-1 0.3093553548663391e0 -0.8996222605946802e0 0 0.8996222605946802e0 -0.3093553548663391e0 0.7719765204349928e-1; 0.5655161135899869e-1 -0.2090887754709803e0 0.4704134683009352e0 -0.1077018244666512e1 0.1855211098816629e0 0.7146663514282583e0 -0.1410455208323629e0; -0.5284240273194536e-1 0.1885998842133559e0 -0.3879970696836165e0 0.6872555116179063e0 -0.1326175685572041e1 0.4607770622774484e0 0.4303826998788921e0; 0.6821403787966094e-1 -0.2397926195872376e0 0.4762072093626160e0 -0.7782478695738511e0 0.1187709638232764e1 -0.1953026162578283e1 0.1238935766264330e1;]
        D  = [-0.9568182337465758e1 0.1508303411865757e2 -0.9172567853813976e1 0.6010333806311444e1 -0.3677702697481988e1 0.1851895449194531e1 -0.5268104854018235e0; -0.1538700050032436e1 -0.1647365679381671e1 0.4741330435251491e1 -0.2457069232590228e1 0.1387163356479281e1 -0.6742804749281583e0 0.1889216452017202e0; 0.3693934530448172e0 -0.1871687025373811e1 -0.4858735179073490e0 0.2820674389670839e1 -0.1231996977918920e1 0.5475964377198154e0 -0.1481067592353906e0; -0.1847014135806379e0 0.7401568549048152e0 -0.2152416541461881e1 0 0.2152416541461881e1 -0.7401568549048152e0 0.1847014135806379e0; 0.1481067592353906e0 -0.5475964377198154e0 0.1231996977918920e1 -0.2820674389670839e1 0.4858735179073490e0 0.1871687025373811e1 -0.3693934530448172e0; -0.1889216452017202e0 0.6742804749281583e0 -0.1387163356479281e1 0.2457069232590228e1 -0.4741330435251491e1 0.1647365679381671e1 0.1538700050032436e1; 0.5268104854018235e0 -0.1851895449194531e1 0.3677702697481988e1 -0.6010333806311444e1 0.9172567853813976e1 -0.1508303411865757e2 0.9568182337465758e1;]
        tL = [0.1574662499710550e1; -0.9707266965061222e0; 0.6721078619223618e0; -0.4571428571428571e0; 0.2840541467652300e0; -0.1440701036120688e0; 0.4111514886290593e-1;]
        tR = [0.4111514886290593e-1; -0.1440701036120688e0; 0.2840541467652300e0; -0.4571428571428571e0; 0.6721078619223618e0; -0.9707266965061222e0; 0.1574662499710550e1;]
    elseif p == 7
        XI = [-0.9602898564975362e0; -0.7966664774136267e0; -0.5255324099163290e0; -0.1834346424956498e0; 0.1834346424956498e0; 0.5255324099163290e0; 0.7966664774136267e0; 0.9602898564975362e0;]
        P  = [0.1012285362903763e0 0 0 0 0 0 0 0; 0 0.2223810344533745e0 0 0 0 0 0 0; 0 0 0.3137066458778873e0 0 0 0 0 0; 0 0 0 0.3626837833783620e0 0 0 0 0; 0 0 0 0 0.3626837833783620e0 0 0 0; 0 0 0 0 0 0.3137066458778873e0 0 0; 0 0 0 0 0 0 0.2223810344533745e0 0; 0 0 0 0 0 0 0 0.1012285362903763e0;]
        Q  = [-0.1248773141877101e1 0.1986471526626845e1 -0.1249883197126463e1 0.8690248642539402e0 -0.5902702071060359e0 0.3657207457383046e0 -0.1849978723814381e0 0.5270728187194799e-1; -0.4232798984655768e0 -0.4849509784821137e0 0.1371205081827951e1 -0.7532127092140906e0 0.4712717926469187e0 -0.2811834246508477e0 0.1395697200510641e0 -0.3941958371330458e-1; 0.1344197824361177e0 -0.6920713528236728e0 -0.2277693241175846e0 0.1139276942271615e1 -0.5497351352210630e0 0.2984655560328174e0 -0.1419182262877016e0 0.3933175770947149e-1; -0.7000333367538342e-1 0.2847468046773891e0 -0.8533399324597230e0 -0.6884529508726234e-1 0.9885912999965727e0 -0.4117619919744129e0 0.1781610100960904e0 -0.4754856157327049e-1; 0.4754856157327049e-1 -0.1781610100960904e0 0.4117619919744129e0 -0.9885912999965727e0 0.6884529508726234e-1 0.8533399324597230e0 -0.2847468046773891e0 0.7000333367538342e-1; -0.3933175770947149e-1 0.1419182262877016e0 -0.2984655560328174e0 0.5497351352210630e0 -0.1139276942271615e1 0.2277693241175846e0 0.6920713528236728e0 -0.1344197824361177e0; 0.3941958371330458e-1 -0.1395697200510641e0 0.2811834246508477e0 -0.4712717926469187e0 0.7532127092140906e0 -0.1371205081827951e1 0.4849509784821137e0 0.4232798984655768e0; -0.5270728187194799e-1 0.1849978723814381e0 -0.3657207457383046e0 0.5902702071060359e0 -0.8690248642539402e0 0.1249883197126463e1 -0.1986471526626845e1 0.1248773141877101e1;]
        D  = [-0.1233617700739017e2 0.1962363182777441e2 -0.1234714284064274e2 0.8584781486527904e1 -0.5831065317519093e1 0.3612822620384698e1 -0.1827526892720919e1 0.5206761235859028e0; -0.1903399269213867e1 -0.2180720939958533e1 0.6166016293603690e1 -0.3387036628665440e1 0.2119208563829790e1 -0.1264421785526868e1 0.6276152118553390e0 -0.1772614459241104e0; 0.4284887942362612e0 -0.2206109949908638e1 -0.7260583322364345e0 0.3631663393943805e1 -0.1752386002797823e1 0.9514161078659372e0 -0.4523915197606120e0 0.1253775086575044e0; -0.1930147883186549e0 0.7851103846579575e0 -0.2352848325643208e1 -0.1898218179097381e0 0.2725766481169758e1 -0.1135319556167890e1 0.4912296007186728e0 -0.1311019785068981e0; 0.1311019785068981e0 -0.4912296007186728e0 0.1135319556167890e1 -0.2725766481169758e1 0.1898218179097381e0 0.2352848325643208e1 -0.7851103846579575e0 0.1930147883186549e0; -0.1253775086575044e0 0.4523915197606120e0 -0.9514161078659372e0 0.1752386002797823e1 -0.3631663393943805e1 0.7260583322364345e0 0.2206109949908638e1 -0.4284887942362612e0; 0.1772614459241104e0 -0.6276152118553390e0 0.1264421785526868e1 -0.2119208563829790e1 0.3387036628665440e1 -0.6166016293603690e1 0.2180720939958533e1 0.1903399269213867e1; -0.5206761235859028e0 0.1827526892720919e1 -0.3612822620384698e1 0.5831065317519093e1 -0.8584781486527904e1 0.1234714284064274e2 -0.1962363182777441e2 0.1233617700739017e2;]
        tL = [0.1580687063030955e1; -0.9912041583117163e0; 0.7101568903172424e0; -0.5126556338013685e0; 0.3537304181064418e0; -0.2208713667044389e0; 0.1121772102087164e0; -0.3202042284583240e-1;]
        tR = [-0.3202042284583240e-1; 0.1121772102087164e0; -0.2208713667044389e0; 0.3537304181064418e0; -0.5126556338013685e0; 0.7101568903172424e0; -0.9912041583117163e0; 0.1580687063030955e1;]
    elseif p == 8
        XI = [-0.9681602395076261e0; -0.8360311073266358e0; -0.6133714327005904e0; -0.3242534234038089e0; 0; 0.3242534234038089e0; 0.6133714327005904e0; 0.8360311073266358e0; 0.9681602395076261e0;]
        P  = [0.8127438836157441e-1 0 0 0 0 0 0 0 0; 0 0.1806481606948574e0 0 0 0 0 0 0 0; 0 0 0.2606106964029355e0 0 0 0 0 0 0; 0 0 0 0.3123470770400028e0 0 0 0 0 0; 0 0 0 0 0.3302393550012598e0 0 0 0 0; 0 0 0 0 0 0.3123470770400028e0 0 0 0; 0 0 0 0 0 0 0.2606106964029355e0 0 0; 0 0 0 0 0 0 0 0.1806481606948574e0 0; 0 0 0 0 0 0 0 0 0.8127438836157441e-1;]
        Q  = [-0.1255656088097682e1 0.2010021351291754e1 -0.1294202075032022e1 0.9350501663231406e0 -0.6759723042188956e0 0.4658610418417846e0 -0.2903314666640131e0 0.1472029988822677e0 -0.4197362432633458e-1; -0.4183978248599683e0 -0.5016657854849909e0 0.1402699758999844e1 -0.8002227249223265e0 0.5324612399834050e0 -0.3529618140520606e0 0.2154851142534018e0 -0.1080391382041473e0 0.3064117428684242e-1; 0.1300181658087237e0 -0.6769832419075968e0 -0.2562639281818451e0 0.1181960666697973e1 -0.6055818291441433e0 0.3644593173890490e0 -0.2124411755333161e0 0.1039993129635328e0 -0.2916728809237739e-1; -0.6548023049354788e-1 0.2692138635353133e0 -0.8239035397636823e0 -0.1131793140867102e0 0.1047058839435744e1 -0.4816403690687044e0 0.2540518734312698e0 -0.1187447077944599e0 0.3262358480477764e-1; 0.4236031185338602e-1 -0.1602985146074864e0 0.3777470995127225e0 -0.9369707771700654e0 0 0.9369707771700654e0 -0.3777470995127225e0 0.1602985146074864e0 -0.4236031185338602e-1; -0.3262358480477764e-1 0.1187447077944599e0 -0.2540518734312698e0 0.4816403690687044e0 -0.1047058839435744e1 0.1131793140867102e0 0.8239035397636823e0 -0.2692138635353133e0 0.6548023049354788e-1; 0.2916728809237739e-1 -0.1039993129635328e0 0.2124411755333161e0 -0.3644593173890490e0 0.6055818291441433e0 -0.1181960666697973e1 0.2562639281818451e0 0.6769832419075968e0 -0.1300181658087237e0; -0.3064117428684242e-1 0.1080391382041473e0 -0.2154851142534018e0 0.3529618140520606e0 -0.5324612399834050e0 0.8002227249223265e0 -0.1402699758999844e1 0.5016657854849909e0 0.4183978248599683e0; 0.4197362432633458e-1 -0.1472029988822677e0 0.2903314666640131e0 -0.4658610418417846e0 0.6759723042188956e0 -0.9350501663231406e0 0.1294202075032022e1 -0.2010021351291754e1 0.1255656088097682e1;]
        D  = [-0.1544959135849174e2 0.2473130086626488e2 -0.1592386114644580e2 0.1150485639046927e2 -0.8317162612305643e1 0.5731953832359301e1 -0.3572238100056603e1 0.1811185563493746e1 -0.5164434352874099e0; -0.2316092360147009e1 -0.2777032345944456e1 0.7764816168647411e1 -0.4429730819535030e1 0.2947504352855350e1 -0.1953863314712999e1 0.1192844219528974e1 -0.5980638706122342e0 0.1696179699199932e0; 0.4988980406533276e0 -0.2597680184472933e1 -0.9833208372446472e0 0.4535349788062881e1 -0.2323702892869144e1 0.1398481806078869e1 -0.8151667543409521e0 0.3990600324506150e0 -0.1119189983180171e0; -0.2096393253110600e0 0.8619061400751787e0 -0.2637782135089945e1 -0.3623511228575229e0 0.3352228710952993e1 -0.1542003765916529e1 0.8133640174860127e0 -0.3801691020122849e0 0.1044465826731571e0; 0.1282715436905587e0 -0.4854010043923291e0 0.1143858518955990e1 -0.2837247478170768e1 0 0.2837247478170768e1 -0.1143858518955990e1 0.4854010043923291e0 -0.1282715436905587e0; -0.1044465826731571e0 0.3801691020122849e0 -0.8133640174860127e0 0.1542003765916529e1 -0.3352228710952993e1 0.3623511228575229e0 0.2637782135089945e1 -0.8619061400751787e0 0.2096393253110600e0; 0.1119189983180171e0 -0.3990600324506150e0 0.8151667543409521e0 -0.1398481806078869e1 0.2323702892869144e1 -0.4535349788062881e1 0.9833208372446472e0 0.2597680184472933e1 -0.4988980406533276e0; -0.1696179699199932e0 0.5980638706122342e0 -0.1192844219528974e1 0.1953863314712999e1 -0.2947504352855350e1 0.4429730819535030e1 -0.7764816168647411e1 0.2777032345944456e1 0.2316092360147009e1; 0.5164434352874099e0 -0.1811185563493746e1 0.3572238100056603e1 -0.5731953832359301e1 0.8317162612305643e1 -0.1150485639046927e2 0.1592386114644580e2 -0.2473130086626488e2 0.1544959135849174e2;]
        tL = [0.1584919424220149e1; -0.1005682886390796e1; 0.7373969413834670e0; -0.5532193350361341e0; 0.4063492063492063e0; -0.2822994943041909e0; 0.1767099114311424e0; -0.8981367941099662e-1; 0.2563991175815295e-1;]
        tR = [0.2563991175815295e-1; -0.8981367941099662e-1; 0.1767099114311424e0; -0.2822994943041909e0; 0.4063492063492063e0; -0.5532193350361341e0; 0.7373969413834670e0; -0.1005682886390796e1; 0.1584919424220149e1;]
    elseif p == 9
        XI = [-0.9739065285171717e0; -0.8650633666889845e0; -0.6794095682990244e0; -0.4333953941292472e0; -0.1488743389816312e0; 0.1488743389816312e0; 0.4333953941292472e0; 0.6794095682990244e0; 0.8650633666889845e0; 0.9739065285171717e0;]
        P  = [0.6667134430868814e-1 0 0 0 0 0 0 0 0 0; 0 0.1494513491505806e0 0 0 0 0 0 0 0 0; 0 0 0.2190863625159820e0 0 0 0 0 0 0 0; 0 0 0 0.2692667193099964e0 0 0 0 0 0 0; 0 0 0 0 0.2955242247147529e0 0 0 0 0 0; 0 0 0 0 0 0.2955242247147529e0 0 0 0 0; 0 0 0 0 0 0 0.2692667193099964e0 0 0 0; 0 0 0 0 0 0 0 0.2190863625159820e0 0 0; 0 0 0 0 0 0 0 0 0.1494513491505806e0 0; 0 0 0 0 0 0 0 0 0 0.6667134430868814e-1;]
        Q  = [-0.1260660205838682e1 0.2027220013968287e1 -0.1326846946353185e1 0.9843513264005285e0 -0.7413087738687252e0 0.5447221435018560e0 -0.3780658887102827e0 0.2363446367746731e0 -0.1199851267912977e0 0.3422882091682816e-1; -0.4148927713019845e0 -0.5137174273279237e0 0.1425593189708562e1 -0.8348390467020469e0 0.5784158377192316e0 -0.4085606779488327e0 0.2775392562151801e0 -0.1713638255696002e0 0.8638173508757117e-1 -0.2455626988015730e-1; 0.1269322840111718e0 -0.6663645647310099e0 -0.2764647873770678e0 0.1212574259880614e1 -0.6463526073133068e0 0.4140039734282410e0 -0.2680707448618035e0 0.1612329092335927e0 -0.8010053769944821e-1 0.2260981542901679e-1; -0.6242556341322001e-1 0.2586902796970200e0 -0.8038396407680815e0 -0.1436881209528540e0 0.1087886347303978e1 -0.5315862285369250e0 0.3106478783086647e0 -0.1777094388193266e0 0.8600065857105507e-1 -0.2397617139031109e-1; 0.3904733259261641e-1 -0.1488666530543635e0 0.3558856451653756e0 -0.9035733595898171e0 -0.4499318311734489e-1 0.9925290910988226e0 -0.4415232856089664e0 0.2279530855410000e0 -0.1051510984479431e0 0.2869242542062032e-1; -0.2869242542062032e-1 0.1051510984479431e0 -0.2279530855410000e0 0.4415232856089664e0 -0.9925290910988226e0 0.4499318311734489e-1 0.9035733595898171e0 -0.3558856451653756e0 0.1488666530543635e0 -0.3904733259261641e-1; 0.2397617139031109e-1 -0.8600065857105507e-1 0.1777094388193266e0 -0.3106478783086647e0 0.5315862285369250e0 -0.1087886347303978e1 0.1436881209528540e0 0.8038396407680815e0 -0.2586902796970200e0 0.6242556341322001e-1; -0.2260981542901679e-1 0.8010053769944821e-1 -0.1612329092335927e0 0.2680707448618035e0 -0.4140039734282410e0 0.6463526073133068e0 -0.1212574259880614e1 0.2764647873770678e0 0.6663645647310099e0 -0.1269322840111718e0; 0.2455626988015730e-1 -0.8638173508757117e-1 0.1713638255696002e0 -0.2775392562151801e0 0.4085606779488327e0 -0.5784158377192316e0 0.8348390467020469e0 -0.1425593189708562e1 0.5137174273279237e0 0.4148927713019845e0; -0.3422882091682816e-1 0.1199851267912977e0 -0.2363446367746731e0 0.3780658887102827e0 -0.5447221435018560e0 0.7413087738687252e0 -0.9843513264005285e0 0.1326846946353185e1 -0.2027220013968287e1 0.1260660205838682e1;]
        D  = [-0.1890857637430901e2 0.3040616677207323e2 -0.1990130782739114e2 0.1476423396898951e2 -0.1111885145792873e2 0.8170258889333234e1 -0.5670590455771203e1 0.3544920823560990e1 -0.1799650630048300e1 0.5133962914914212e0; -0.2776105894393478e1 -0.3437355569204830e1 0.9538844565880751e1 -0.5586025495567122e1 0.3870261734047281e1 -0.2733736967052636e1 0.1857054203877034e1 -0.1146619462076194e1 0.5779923405076574e0 -0.1643094560184632e0; 0.5793709957730130e0 -0.3041561131776970e1 -0.1261898660428488e1 0.5534686166475370e1 -0.2950218351752297e1 0.1889683906719844e1 -0.1223584808215747e1 0.7359331150601901e0 -0.3656117011555431e0 0.1032004693006277e0; -0.2318354216710750e0 0.9607213262742653e0 -0.2985291471697444e1 -0.5336274802955929e0 0.4040181237739733e1 -0.1974199521942890e1 0.1153680926869495e1 -0.6599755041199005e0 0.3193883699828713e0 -0.8904246113946320e-1; 0.1321290416388228e0 -0.5037375639782260e0 0.1204252022008974e1 -0.3057527214433835e1 -0.1522487138263315e0 0.3358537162416501e1 -0.1494034155863653e1 0.7713516066610980e0 -0.3558121116786195e0 0.9708992705526914e-1; -0.9708992705526914e-1 0.3558121116786195e0 -0.7713516066610980e0 0.1494034155863653e1 -0.3358537162416501e1 0.1522487138263315e0 0.3057527214433835e1 -0.1204252022008974e1 0.5037375639782260e0 -0.1321290416388228e0; 0.8904246113946320e-1 -0.3193883699828713e0 0.6599755041199005e0 -0.1153680926869495e1 0.1974199521942890e1 -0.4040181237739733e1 0.5336274802955929e0 0.2985291471697444e1 -0.9607213262742653e0 0.2318354216710750e0; -0.1032004693006277e0 0.3656117011555431e0 -0.7359331150601901e0 0.1223584808215747e1 -0.1889683906719844e1 0.2950218351752297e1 -0.5534686166475370e1 0.1261898660428488e1 0.3041561131776970e1 -0.5793709957730130e0; 0.1643094560184632e0 -0.5779923405076574e0 0.1146619462076194e1 -0.1857054203877034e1 0.2733736967052636e1 -0.3870261734047281e1 0.5586025495567122e1 -0.9538844565880751e1 0.3437355569204830e1 0.2776105894393478e1; -0.5133962914914212e0 0.1799650630048300e1 -0.3544920823560990e1 0.5670590455771203e1 -0.8170258889333234e1 0.1111885145792873e2 -0.1476423396898951e2 0.1990130782739114e2 -0.3040616677207323e2 0.1890857637430901e2;]
        tL = [0.1588005378675123e1; -0.1016287965644734e1; 0.7575227986514954e0; -0.5836053892999150e0; 0.4466023128802576e0; -0.3308583679390711e0; 0.2306924543937172e0; -0.1446071081332395e0; 0.7352805218733874e-1; -0.2099216577097246e-1;] 
        tR = [-0.2099216577097246e-1; 0.7352805218733874e-1; -0.1446071081332395e0; 0.2306924543937172e0; -0.3308583679390711e0; 0.4466023128802576e0; -0.5836053892999150e0; 0.7575227986514954e0; -0.1016287965644734e1; 0.1588005378675123e1;]
    elseif p == 10
        XI = [-0.9782286581460570e0; -0.8870625997680953e0; -0.7301520055740493e0; -0.5190961292068118e0; -0.2695431559523450e0; 0; 0.2695431559523450e0; 0.5190961292068118e0; 0.7301520055740493e0; 0.8870625997680953e0; 0.9782286581460570e0;]
        P  = [0.5566856711617367e-1 0 0 0 0 0 0 0 0 0 0; 0 0.1255803694649046e0 0 0 0 0 0 0 0 0 0; 0 0 0.1862902109277343e0 0 0 0 0 0 0 0 0; 0 0 0 0.2331937645919905e0 0 0 0 0 0 0 0; 0 0 0 0 0.2628045445102467e0 0 0 0 0 0 0; 0 0 0 0 0 0.2729250867779006e0 0 0 0 0 0; 0 0 0 0 0 0 0.2628045445102467e0 0 0 0 0; 0 0 0 0 0 0 0 0.2331937645919905e0 0 0 0; 0 0 0 0 0 0 0 0 0.1862902109277343e0 0 0; 0 0 0 0 0 0 0 0 0 0.1255803694649046e0 0; 0 0 0 0 0 0 0 0 0 0 0.5566856711617367e-1;]
        Q  = [-0.1264412377052458e1 0.2040158575296672e1 -0.1351559065922701e1 0.1022036361013579e1 -0.7919688151853724e0 0.6071633173005397e0 -0.4498072573605536e0 0.3133923535251284e0 -0.1962620251726201e0 0.9971269365395573e-1 -0.2845376009617065e-1; -0.4122887816227367e0 -0.5226993160665374e0 0.1442757395730641e1 -0.8610350210814587e0 0.6136710638935728e0 -0.4520810375453451e0 0.3276430297766689e0 -0.2253173921325197e0 0.1399838459868809e0 -0.7078438967990257e-1 0.2015060274073670e-1; 0.1246789858745483e0 -0.6585882037858789e0 -0.2913398295123710e0 0.1235310328945484e1 -0.6770152679151054e0 0.4519618063480524e0 -0.3119343133106415e0 0.2087011353487624e0 -0.1275694714974260e0 0.6389966182835009e-1 -0.1810483232377418e-1; -0.6025380857690906e-1 0.2511894411467635e0 -0.7894706665479892e0 -0.1656994985660017e0 0.1117664364987938e1 -0.5686049550029783e0 0.3536679831096886e0 -0.2246152027258561e0 0.1333781646379975e0 -0.6573176284900422e-1 0.1847594038635110e-1; 0.3678135600060196e-1 -0.1410320140859169e0 0.3408473226203572e0 -0.8804666347503391e0 -0.7638694631713933e-1 0.1031784119945766e1 -0.4874999396325060e0 0.2786103491014388e0 -0.1570451665776673e0 0.7529792279505198e-1 -0.2089036909964745e-1; -0.2614973013830878e-1 0.9634748544701927e-1 -0.2110110462601033e0 0.4153882138580829e0 -0.9568213790558617e0 0 0.9568213790558617e0 -0.4153882138580829e0 0.2110110462601033e0 -0.9634748544701927e-1 0.2614973013830878e-1; 0.2089036909964745e-1 -0.7529792279505198e-1 0.1570451665776673e0 -0.2786103491014388e0 0.4874999396325060e0 -0.1031784119945766e1 0.7638694631713933e-1 0.8804666347503391e0 -0.3408473226203572e0 0.1410320140859169e0 -0.3678135600060196e-1; -0.1847594038635110e-1 0.6573176284900422e-1 -0.1333781646379975e0 0.2246152027258561e0 -0.3536679831096886e0 0.5686049550029783e0 -0.1117664364987938e1 0.1656994985660017e0 0.7894706665479892e0 -0.2511894411467635e0 0.6025380857690906e-1; 0.1810483232377418e-1 -0.6389966182835009e-1 0.1275694714974260e0 -0.2087011353487624e0 0.3119343133106415e0 -0.4519618063480524e0 0.6770152679151054e0 -0.1235310328945484e1 0.2913398295123710e0 0.6585882037858789e0 -0.1246789858745483e0; -0.2015060274073670e-1 0.7078438967990257e-1 -0.1399838459868809e0 0.2253173921325197e0 -0.3276430297766689e0 0.4520810375453451e0 -0.6136710638935728e0 0.8610350210814587e0 -0.1442757395730641e1 0.5226993160665374e0 0.4122887816227367e0; 0.2845376009617065e-1 -0.9971269365395573e-1 0.1962620251726201e0 -0.3133923535251284e0 0.4498072573605536e0 -0.6071633173005397e0 0.7919688151853724e0 -0.1022036361013579e1 0.1351559065922701e1 -0.2040158575296672e1 0.1264412377052458e1;]
